0.10000000000000001 1. 

0.20000000000000001 1. 

0.30000000000000004 1. 

0.40000000000000002 1. 

0.5 1. 

0.59999999999999998 1. 

0.69999999999999996 1. 

0.79999999999999993 1. 

0.89999999999999991 1. 

0.99999999999999989 0.77700000000000002 

1.0999999999999999 0.36499999999999999 

1.2 0.189 

1.3 0.085000000000000006 

1.4000000000000001 0.066000000000000003 

1.5000000000000002 0.037999999999999999 

1.6000000000000003 0.021999999999999999 

1.7000000000000004 0.023 

1.8000000000000005 0.017999999999999999 

1.9000000000000006 0.016 

2.0000000000000004 0.012 

2.1000000000000005 0.0050000000000000001 

2.2000000000000006 0.0030000000000000001 

2.3000000000000007 0.0060000000000000001 

2.4000000000000008 0.0030000000000000001 

2.5000000000000009 0.002 

2.600000000000001 0. 

2.7000000000000011 0.0030000000000000001 

2.8000000000000012 0.001 

2.9000000000000012 0.0030000000000000001 

3.0000000000000013 0. 

3.1000000000000014 0.001 

3.2000000000000015 0.001 

3.3000000000000016 0. 

3.4000000000000017 0.002 

3.5000000000000018 0. 

3.6000000000000019 0.001 

3.700000000000002 0.002 

3.800000000000002 0. 

3.9000000000000021 0.002 

4.0000000000000018 0.001 

4.1000000000000014 0.001 

4.2000000000000011 0.001 

4.3000000000000007 0. 

4.4000000000000004 0.0040000000000000001 

4.5 0. 

4.5999999999999996 0. 

4.6999999999999993 0.002 

4.7999999999999989 0. 

4.8999999999999986 0. 

4.9999999999999982 0. 

